Date           Open    High    Low     Close   AdjCl   Volume
Jul 20, 2018   94.73   95.08   94.30   95.00   95.00   484900
Jul 19, 2018   95.14   95.88   94.90   95.00   95.00   574900
Jul 18, 2018   94.52   95.65   94.40   95.59   95.59   528500
Jul 17, 2018   93.55   94.50   93.32   94.45   94.45   789200
Jul 16, 2018   93.16   94.41   93.16   93.89   93.89   493100
Jul 13, 2018   93.23   93.52   92.67   93.11   93.11   608700
Jul 12, 2018   91.94   93.57   91.83   93.37   93.37   1184400
Jul 11, 2018   90.31   91.57   90.31   91.38   91.38   731200
Jul 10, 2018   90.78   91.44   90.63   90.76   90.76   820800
Jul 09, 2018   90.40   91.53   90.40   91.18   91.18   733700
Jul 06, 2018   90.36   90.71   89.70   90.11   90.11   791700
Jul 05, 2018   90.32   90.88   89.76   90.33   90.33   616700
Jul 03, 2018   92.92   92.92   89.99   90.14   90.14   505300
Jul 02, 2018   91.29   92.47   90.80   91.67   91.67   573500
Jun 29, 2018   91.84   92.57   91.24   91.27   91.27   868700
Jun 28, 2018   91.09   91.85   90.66   91.55   91.55   831300
Jun 27, 2018   91.90   92.69   91.05   91.12   91.12   926900
Jun 26, 2018   91.71   92.29   91.24   91.65   91.65   840500
Jun 25, 2018   93.14   93.63   91.10   91.87   91.87   1222400
Jun 22, 2018   94.37   94.51   93.17   93.60   93.60   1424500
Jun 21, 2018   94.11   94.68   93.17   94.13   94.13   1055700
Jun 20, 2018   94.31   94.67   93.82   93.89   93.89   1059700
Jun 19, 2018   93.67   94.07   93.21   93.99   93.99   876400
Jun 18, 2018   94.40   94.86   94.12   94.21   94.21   749200
Jun 15, 2018   94.57   95.10   94.01   94.92   94.92   853900
Jun 14, 2018   95.39   95.79   94.65   94.77   94.77   493800
Jun 13, 2018   95.40   96.19   95.20   95.31   94.87   688200
Jun 12, 2018   95.37   95.60   94.74   95.32   94.88   646500
Jun 11, 2018   95.28   95.59   95.03   95.11   94.67   516800
Jun 08, 2018   95.26   95.39   92.77   95.13   94.69   904800
Jun 07, 2018   94.74   95.71   94.71   95.23   94.79   1272200
Jun 06, 2018   93.48   94.92   93.34   94.87   94.43   1166000
Jun 05, 2018   93.21   93.69   92.82   93.30   92.87   963500
Jun 04, 2018   92.50   93.41   92.33   93.11   92.68   1571600
Jun 01, 2018   92.64   93.02   91.85   92.09   91.66   1594800
May 31, 2018   93.29   93.98   91.65   91.86   91.44   1274800
May 30, 2018   92.87   94.33   92.77   93.44   93.01   1407500
May 29, 2018   92.23   92.88   91.61   92.20   91.77   902000
May 25, 2018   92.42   92.90   92.07   92.78   92.35   1082500
May 24, 2018   91.77   92.72   91.08   92.61   92.18   1388200
May 23, 2018   91.06   91.93   90.75   91.89   91.47   661100
May 22, 2018   91.22   91.94   90.50   91.51   91.09   979000
May 21, 2018   90.32   91.36   90.32   91.21   90.79   475600
May 18, 2018   90.40   90.61   90.02   90.07   89.65   994300
May 17, 2018   89.97   90.71   89.69   90.57   90.15   510000
May 16, 2018   89.95   90.71   89.38   90.24   89.82   763100
May 15, 2018   90.06   90.97   89.75   89.95   89.53   805700
May 14, 2018   90.80   91.21   90.04   90.40   89.98   801000
May 11, 2018   90.37   90.89   90.16   90.54   90.12   599100
May 10, 2018   90.11   90.96   89.79   90.37   89.95   722400
May 09, 2018   88.51   90.33   88.04   90.09   89.67   640100
May 08, 2018   88.72   89.11   88.24   88.36   87.95   916600
May 07, 2018   87.72   88.98   87.60   88.66   88.25   1025800
May 04, 2018   85.77   88.13   85.58   87.70   87.30   1015300
May 03, 2018   87.65   88.18   84.96   86.01   85.61   1750000
May 02, 2018   88.51   89.30   87.50   87.91   87.50   1345600
May 01, 2018   88.01   89.06   87.96   89.01   88.60   687700
Apr 30, 2018   88.90   89.76   88.32   88.32   87.91   860300
Apr 27, 2018   88.32   88.95   87.75   88.80   88.39   1017600
Apr 26, 2018   88.35   88.68   87.42   88.16   87.75   1368600
Apr 25, 2018   86.32   87.97   85.87   87.79   87.38   1097400
Apr 24, 2018   87.32   87.66   85.85   86.25   85.85   1758800
Apr 23, 2018   87.42   87.59   86.39   86.95   86.55   767600
Apr 20, 2018   87.00   87.66   86.75   87.42   87.02   1032800
Apr 19, 2018   85.94   87.23   85.73   86.94   86.54   670100
Apr 18, 2018   86.35   86.35   85.60   85.65   85.25   853300
Apr 17, 2018   86.48   86.84   85.77   85.90   85.50   1326500
Apr 16, 2018   86.50   86.98   85.81   85.98   85.58   773800
Apr 13, 2018   86.82   86.93   85.69   85.93   85.53   566400
Apr 12, 2018   85.56   87.03   85.56   86.62   86.22   828600
Apr 11, 2018   85.33   86.22   85.16   85.75   85.35   762700
Apr 10, 2018   86.14   86.41   85.03   85.95   85.55   795000
Apr 09, 2018   85.46   86.66   84.96   85.29   84.90   599400
Apr 06, 2018   85.90   86.19   84.49   85.20   84.81   936000
Apr 05, 2018   86.50   86.94   86.01   86.31   85.91   1058100
Apr 04, 2018   85.41   86.40   85.14   86.22   85.82   1274200
Apr 03, 2018   85.58   86.71   85.10   86.65   86.25   1639100
Apr 02, 2018   86.22   86.41   84.46   85.53   85.14   1627600
Mar 29, 2018   84.37   86.61   84.02   86.22   85.82   1436000
Mar 28, 2018   81.94   84.73   81.94   83.49   83.10   1489300
Mar 27, 2018   83.71   84.46   81.39   81.92   81.54   1379800
Mar 26, 2018   81.94   83.71   81.77   83.50   83.11   850100
Mar 23, 2018   82.21   82.65   80.62   80.72   80.35   720300
Mar 22, 2018   83.61   84.13   81.92   82.02   81.64   684700
Mar 21, 2018   84.12   84.89   83.99   84.21   83.82   544500
Mar 20, 2018   84.01   84.74   83.73   84.15   83.76   908800
Mar 19, 2018   83.92   84.20   82.86   83.62   83.23   490900
Mar 16, 2018   84.19   84.49   83.56   83.97   83.58   1210400
Mar 15, 2018   84.36   84.36   83.54   84.08   83.69   658100
Mar 14, 2018   85.60   85.64   84.10   84.37   83.60   548600
Mar 13, 2018   86.47   86.47   85.02   85.25   84.47   478800
Mar 12, 2018   86.72   87.00   85.18   85.89   85.11   829200
Mar 09, 2018   85.41   86.67   85.09   86.53   85.74   680500
Mar 08, 2018   84.22   85.01   83.64   84.86   84.09   629000
Mar 07, 2018   83.05   84.11   83.03   83.95   83.19   555000
Mar 06, 2018   82.57   84.47   82.04   83.91   83.15   1232700
Mar 05, 2018   80.19   81.94   79.99   81.77   81.03   541300
Mar 02, 2018   79.28   80.78   79.05   80.59   79.86   461200
Mar 01, 2018   81.00   81.00   79.22   79.60   78.88   660200
Feb 28, 2018   82.13   82.71   80.74   80.75   80.02   706400
Feb 27, 2018   81.74   82.54   81.23   81.69   80.95   1047300
Feb 26, 2018   81.08   81.72   80.66   81.66   80.92   1130000
Feb 23, 2018   78.66   80.50   78.52   80.48   79.75   1438800
Feb 22, 2018   79.32   79.66   77.96   78.20   77.49   490600
Feb 21, 2018   79.06   80.66   78.84   79.12   78.40   895500
Feb 20, 2018   78.85   80.44   78.55   78.80   78.08   1158800
Feb 16, 2018   79.92   80.30   78.86   79.02   78.30   1073300
Feb 15, 2018   80.44   80.68   78.60   80.38   79.65   876800
Feb 14, 2018   78.20   79.86   77.90   79.76   79.03   1245900
Feb 13, 2018   77.38   78.66   77.06   78.50   77.79   855200
Feb 12, 2018   77.05   78.14   77.04   77.56   76.85   1139400
Feb 09, 2018   75.22   76.66   73.83   76.11   75.42   1677700
Feb 08, 2018   77.17   77.93   74.80   75.21   74.53   1653500
Feb 07, 2018   77.52   78.65   77.24   77.27   76.57   1454100
Feb 06, 2018   74.91   78.01   72.98   77.72   77.01   2973800
Feb 05, 2018   79.59   80.98   77.20   77.47   76.77   2095700
Feb 02, 2018   81.04   81.80   80.28   80.34   79.61   1496000
Feb 01, 2018   80.31   82.16   80.15   81.37   80.63   1277900
Jan 31, 2018   82.05   83.29   80.53   80.91   80.17   1800700
Jan 30, 2018   81.49   82.22   81.37   81.85   81.11   1486000
Jan 29, 2018   81.36   82.34   81.26   81.65   80.91   1568100
Jan 26, 2018   81.40   81.40   80.77   81.36   80.62   502900
Jan 25, 2018   81.28   81.85   80.85   81.18   80.44   730800
Jan 24, 2018   80.52   81.32   79.93   81.17   80.43   799300
Jan 23, 2018   80.69   80.85   79.79   80.21   79.48   477100
Jan 22, 2018   80.40   80.66   80.11   80.63   79.90   812800
Jan 19, 2018   79.96   80.34   79.83   80.07   79.34   675600
Jan 18, 2018   80.20   80.24   78.90   79.83   79.10   1722800
Jan 17, 2018   80.83   80.83   80.32   80.46   79.73   677000
Jan 16, 2018   81.88   82.15   80.23   80.42   79.69   718800
Jan 12, 2018   80.71   81.55   80.26   81.43   80.69   923400
Jan 11, 2018   81.30   81.30   79.96   80.46   79.73   726600
Jan 10, 2018   80.40   81.38   80.14   81.23   80.49   929500
Jan 09, 2018   80.15   80.75   80.09   80.17   79.44   603900
Jan 08, 2018   79.26   80.53   79.20   79.96   79.23   848200
Jan 05, 2018   79.01   79.55   78.70   79.21   78.49   933500
Jan 04, 2018   77.64   78.96   77.54   78.69   77.97   980900
Jan 03, 2018   76.64   77.87   76.58   77.66   76.95   1013700
Jan 02, 2018   77.15   77.32   76.47   76.74   76.04   1129000
Dec 29, 2017   76.80   77.17   76.60   76.83   76.13   923300
Dec 28, 2017   76.35   76.74   76.30   76.67   75.97   469800
Dec 27, 2017   76.18   76.83   76.03   76.34   75.65   662800
Dec 26, 2017   76.25   76.25   75.84   76.13   75.44   520700
Dec 22, 2017   75.61   76.13   75.35   76.09   75.40   796500
Dec 21, 2017   75.29   75.71   75.13   75.40   74.71   799500
Dec 20, 2017   76.38   76.72   74.95   75.05   74.37   861900
Dec 19, 2017   77.07   77.32   76.01   76.11   75.42   1047700
Dec 18, 2017   77.85   77.90   76.85   76.97   76.27   772100
Dec 15, 2017   77.94   78.11   77.32   77.51   76.80   1337500
Dec 14, 2017   78.10   78.49   77.36   77.47   76.77   567200
Dec 13, 2017   79.26   79.50   78.13   78.21   77.12   695400
Dec 12, 2017   79.21   79.63   78.84   79.27   78.17   703400
Dec 11, 2017   79.20   80.14   78.99   79.22   78.12   907700
Dec 08, 2017   77.94   78.81   77.48   78.78   77.68   667500
Dec 07, 2017   78.38   78.54   76.76   77.79   76.71   1103900
Dec 06, 2017   78.74   79.17   78.13   78.32   77.23   686000
Dec 05, 2017   78.90   79.14   78.21   78.51   77.42   842000
Dec 04, 2017   80.00   80.00   78.69   78.93   77.83   1146600
Dec 01, 2017   79.46   79.72   78.75   79.26   78.16   752200
Nov 30, 2017   78.98   79.85   78.70   79.16   78.06   1094800
Nov 29, 2017   78.55   79.68   78.31   78.56   77.47   1347500
Nov 28, 2017   77.45   78.42   77.08   78.34   77.25   980300
Nov 27, 2017   77.48   77.74   77.08   77.23   76.16   405600
Nov 24, 2017   77.30   77.43   77.08   77.25   76.18   236600
Nov 22, 2017   77.37   77.37   76.97   77.17   76.10   746600
Nov 21, 2017   77.13   77.36   76.93   77.24   76.17   769000
Nov 20, 2017   75.95   77.15   75.95   76.89   75.82   1048000
Nov 17, 2017   76.00   76.18   75.76   75.95   74.89   1043800
Nov 16, 2017   76.00   76.24   75.79   75.97   74.91   901300
Nov 15, 2017   75.93   76.44   75.65   75.93   74.87   1292300
Nov 14, 2017   75.31   76.01   75.03   75.97   74.91   1073100
Nov 13, 2017   73.64   75.89   73.32   75.41   74.36   1349600
Nov 10, 2017   73.45   73.76   72.95   73.57   72.55   1196000
Nov 09, 2017   72.56   73.79   72.15   73.73   72.70   1001400
Nov 08, 2017   72.12   72.91   71.95   72.74   71.73   633600
Nov 07, 2017   71.80   72.77   71.65   72.02   71.02   1211200
Nov 06, 2017   72.22   72.46   71.83   71.97   70.97   627300
Nov 03, 2017   73.09   73.14   72.33   72.40   71.39   686500
Nov 02, 2017   72.34   73.43   72.07   73.17   72.15   1063900
Nov 01, 2017   73.02   73.02   72.36   72.41   71.40   725100
Oct 31, 2017   72.40   72.84   71.95   72.65   71.64   1027600
Oct 30, 2017   72.29   73.13   72.06   72.40   71.39   1894900
Oct 27, 2017   72.66   72.66   71.77   72.34   71.33   1321500
Oct 26, 2017   72.61   72.87   72.01   72.29   71.28   1463800
Oct 25, 2017   72.71   73.62   72.35   72.44   71.43   1951100
Oct 24, 2017   73.75   73.94   73.24   73.45   72.43   1325500
Oct 23, 2017   72.88   73.58   72.63   73.49   72.47   1300500
Oct 20, 2017   73.02   73.47   72.20   72.92   71.91   1934100
Oct 19, 2017   73.93   74.04   72.41   72.94   71.93   1995200
Oct 18, 2017   74.68   74.92   74.19   74.60   73.56   1691900
Oct 17, 2017   74.19   74.91   73.98   74.71   73.67   981600
Oct 16, 2017   74.34   74.50   73.75   74.11   73.08   912400
Oct 13, 2017   74.80   74.95   74.10   74.34   73.31   1148700
Oct 12, 2017   75.71   75.75   74.72   74.91   73.87   1308300
Oct 11, 2017   74.66   75.69   74.38   75.63   74.58   1368500
Oct 10, 2017   74.34   74.79   73.64   74.56   73.52   1245300
Oct 09, 2017   73.50   75.30   73.43   74.50   73.46   2026200
Oct 06, 2017   77.73   77.85   73.71   73.90   72.87   2600800
Oct 05, 2017   77.73   78.07   77.42   77.65   76.57   708200
Oct 04, 2017   77.54   77.65   77.11   77.57   76.49   678600
Oct 03, 2017   77.62   78.00   77.15   77.75   76.67   856900
Oct 02, 2017   77.67   77.82   77.15   77.79   76.71   693100
Sep 29, 2017   77.57   77.83   77.01   77.57   76.49   572700
Sep 28, 2017   77.10   78.31   76.98   77.63   76.55   699900
Sep 27, 2017   76.86   77.46   76.70   77.13   76.06   577800
Sep 26, 2017   77.47   77.50   76.33   76.37   75.31   519600
Sep 25, 2017   76.43   77.15   75.90   77.12   76.05   886300
Sep 22, 2017   76.08   76.67   75.91   76.42   75.36   473800
Sep 21, 2017   76.83   76.83   75.38   76.10   75.04   846300
Sep 20, 2017   75.89   76.89   75.66   76.74   75.67   1076600
Sep 19, 2017   75.28   76.44   75.27   76.32   75.26   882400
Sep 18, 2017   74.81   75.28   74.61   75.09   74.05   973700
Sep 15, 2017   74.73   75.20   74.41   74.75   73.71   1423300
Sep 14, 2017   74.34   74.74   74.30   74.70   73.66   1198300
Sep 13, 2017   74.91   75.09   74.50   74.74   73.33   644900
Sep 12, 2017   73.90   75.04   73.77   75.03   73.61   536400
Sep 11, 2017   74.64   75.16   74.06   74.17   72.77   1443700
Sep 08, 2017   73.75   74.75   73.75   74.35   72.94   842800
Sep 07, 2017   74.22   74.35   73.35   73.72   72.32   1098100
Sep 06, 2017   74.64   75.08   74.15   74.19   72.79   799500
Sep 05, 2017   75.37   75.37   73.70   74.38   72.97   1049900
Sep 01, 2017   75.48   75.69   75.19   75.37   73.94   550400
Aug 31, 2017   75.17   75.76   75.17   75.38   73.95   586700
Aug 30, 2017   75.15   75.53   75.05   75.08   73.66   585800
Aug 29, 2017   75.13   75.38   74.87   75.21   73.79   766300
Aug 28, 2017   76.00   76.15   75.38   75.63   74.20   546200
Aug 25, 2017   75.25   76.15   75.25   75.75   74.32   560400
Aug 24, 2017   75.90   75.90   74.91   74.94   73.52   854600
Aug 23, 2017   76.13   76.13   75.61   75.69   74.26   690200
Aug 22, 2017   75.58   76.67   75.42   76.44   74.99   693800
Aug 21, 2017   74.90   75.44   74.67   75.29   73.86   942500
Aug 18, 2017   76.13   76.20   74.62   74.91   73.49   1542000
Aug 17, 2017   77.05   77.44   76.19   76.28   74.84   560100
Aug 16, 2017   77.30   77.75   77.03   77.12   75.66   601700
Aug 15, 2017   77.09   77.20   76.83   77.00   75.54   782600
Aug 14, 2017   75.96   76.91   75.94   76.80   75.35   706500
Aug 11, 2017   76.16   76.38   75.41   75.50   74.07   673600
Aug 10, 2017   76.03   76.79   75.59   75.92   74.48   750700
Aug 09, 2017   74.84   76.28   74.68   76.25   74.81   577700
Aug 08, 2017   75.09   75.39   74.97   75.25   73.83   420500
Aug 07, 2017   75.27   75.56   74.98   75.01   73.59   483800
Aug 04, 2017   75.50   75.68   74.94   75.11   73.69   771500
Aug 03, 2017   74.59   75.27   74.53   75.09   73.67   558200
Aug 02, 2017   74.76   74.92   74.38   74.67   73.26   388100
Aug 01, 2017   74.43   74.82   74.11   74.78   73.36   708500
Jul 31, 2017   74.45   74.65   74.27   74.37   72.96   646700
Jul 28, 2017   74.32   74.74   74.11   74.37   72.96   518300
Jul 27, 2017   74.50   75.23   73.70   74.33   72.92   1269000
Jul 26, 2017   69.76   74.53   69.52   74.45   73.04   987600
Jul 25, 2017   73.03   73.35   72.57   72.74   71.36   780900
Jul 24, 2017   72.39   72.77   72.39   72.64   71.27   485600
Jul 21, 2017   71.95   72.79   71.95   72.74   71.36   846300
Jul 20, 2017   71.82   72.15   71.71   72.02   70.66   590600
Jul 19, 2017   71.70   71.88   71.40   71.81   70.45   526400
Jul 18, 2017   71.36   71.79   71.07   71.70   70.34   562200
Jul 17, 2017   71.02   71.80   70.73   71.49   70.14   902100
Jul 14, 2017   71.31   71.68   70.66   71.06   69.71   508600
Jul 13, 2017   71.50   71.88   71.27   71.54   70.19   640900
Jul 12, 2017   71.17   71.52   70.93   71.33   69.98   556600
Jul 11, 2017   71.30   71.79   71.00   71.20   69.85   980100
Jul 10, 2017   71.52   71.83   71.32   71.34   69.99   462000
Jul 07, 2017   71.40   71.78   70.94   71.63   70.27   612500
Jul 06, 2017   71.54   71.67   71.16   71.26   69.91   629100
Jul 05, 2017   71.69   72.14   71.54   71.68   70.32   927300
Jul 03, 2017   71.51   72.28   71.49   71.65   70.29   473300
Jun 30, 2017   71.58   71.96   71.48   71.49   70.14   660200
Jun 29, 2017   72.00   72.14   71.25   71.54   70.19   764300
Jun 28, 2017   70.94   71.84   70.79   71.63   70.27   691800
Jun 27, 2017   70.37   70.97   70.30   70.68   69.34   582500
Jun 26, 2017   69.93   70.38   69.81   70.30   68.97   818800
Jun 23, 2017   69.67   69.96   69.58   69.86   68.54   898000
Jun 22, 2017   69.76   69.87   69.45   69.53   68.21   418900
Jun 21, 2017   70.40   70.43   69.57   69.76   68.44   628300
Jun 20, 2017   70.95   71.04   70.17   70.27   68.94   875500
Jun 19, 2017   71.41   71.45   70.97   71.14   69.79   861100
Jun 16, 2017   70.54   71.19   70.54   71.16   69.81   1309300
Jun 15, 2017   70.87   71.05   70.55   70.95   69.61   1296300
Jun 14, 2017   71.04   71.42   70.86   71.05   69.71   1438800
Jun 13, 2017   70.48   71.93   70.48   71.49   69.76   932600
Jun 12, 2017   70.46   70.88   70.31   70.40   68.70   1020100
Jun 09, 2017   70.81   70.81   70.28   70.54   68.84   1120700
Jun 08, 2017   69.61   70.49   69.61   70.21   68.51   969200
Jun 07, 2017   68.54   69.65   68.35   69.60   67.92   857500
Jun 06, 2017   67.72   68.32   67.50   68.26   66.61   630000
Jun 05, 2017   67.51   68.48   67.51   67.87   66.23   605100
Jun 02, 2017   68.02   68.02   67.37   67.50   65.87   521800
Jun 01, 2017   68.05   68.13   67.38   67.87   66.23   699400
May 31, 2017   67.68   68.06   67.29   67.65   66.02   1148300
May 30, 2017   67.48   67.71   67.20   67.42   65.79   618900
May 26, 2017   68.15   68.30   67.54   67.58   65.95   561600
May 25, 2017   67.67   68.33   67.62   68.19   66.54   411400
May 24, 2017   68.16   68.32   67.66   67.67   66.04   542500
May 23, 2017   67.97   68.14   67.68   67.93   66.29   427500
May 22, 2017   67.70   67.99   67.37   67.91   66.27   685300
May 19, 2017   66.79   67.51   66.61   67.44   65.81   937500
May 18, 2017   66.74   66.93   65.98   66.74   65.13   1411900
May 17, 2017   66.77   67.22   66.62   66.73   65.12   827400
May 16, 2017   67.75   67.84   67.25   67.37   65.74   766800
May 15, 2017   67.44   68.07   67.44   67.77   66.13   839600
May 12, 2017   67.01   67.73   66.97   67.55   65.92   1067700
May 11, 2017   66.75   67.33   66.28   67.20   65.58   1359900
May 10, 2017   66.66   66.82   65.98   66.75   65.14   984100
May 09, 2017   67.18   67.40   66.73   66.75   65.14   1186400
May 08, 2017   67.90   68.03   66.74   67.03   65.41   982800
May 05, 2017   67.96   68.07   67.53   67.91   66.27   579100
May 04, 2017   68.10   68.10   67.30   67.96   66.32   850000
May 03, 2017   68.34   68.53   67.28   67.81   66.17   1213500
May 02, 2017   68.45   68.64   68.02   68.36   66.71   570500
May 01, 2017   69.24   69.24   68.43   68.44   66.79   626700
Apr 28, 2017   68.65   69.02   68.36   68.87   67.21   1047700
Apr 27, 2017   69.42   69.52   68.28   68.67   67.01   1561200
Apr 26, 2017   70.22   70.54   68.93   69.54   67.86   1873500
Apr 25, 2017   70.88   70.97   70.44   70.53   68.83   760500
Apr 24, 2017   70.83   70.99   70.11   70.45   68.75   1117200
Apr 21, 2017   69.97   70.30   69.66   69.91   68.22   833600
Apr 20, 2017   69.58   70.21   69.13   70.12   68.43   685000
Apr 19, 2017   69.42   69.64   69.07   69.17   67.50   488600
Apr 18, 2017   68.81   69.24   68.43   69.10   67.43   1041700
Apr 17, 2017   68.23   69.10   68.09   69.08   67.41   597400
Apr 13, 2017   68.58   68.69   67.92   68.11   66.47   783400
Apr 12, 2017   68.90   68.91   68.43   68.68   67.02   685800
Apr 11, 2017   69.07   69.33   68.51   69.00   67.33   701700
Apr 10, 2017   69.28   69.71   69.11   69.36   67.69   676600
Apr 07, 2017   68.77   69.58   68.74   69.22   67.55   822300
Apr 06, 2017   69.04   69.64   68.72   69.13   67.46   538200
Apr 05, 2017   69.02   69.90   68.55   69.09   67.42   799700
Apr 04, 2017   68.83   68.94   68.07   68.63   66.97   800000
Apr 03, 2017   69.28   69.60   68.83   68.91   67.25   677800
Mar 31, 2017   69.17   69.64   68.88   69.45   67.77   900500
Mar 30, 2017   68.70   69.51   68.52   69.39   67.71   895000
Mar 29, 2017   68.97   69.01   68.43   68.67   67.01   601100
Mar 28, 2017   68.98   69.39   68.60   69.14   67.47   969400
Mar 27, 2017   69.27   69.40   68.79   69.01   67.34   525900
Mar 24, 2017   69.92   70.54   69.68   69.85   68.16   844700
Mar 23, 2017   69.77   70.22   69.61   69.73   68.05   839900
Mar 22, 2017   69.81   69.96   69.39   69.70   68.02   712700
Mar 21, 2017   71.05   71.21   69.69   69.74   68.06   1142600
Mar 20, 2017   70.65   71.03   70.54   70.77   69.06   632600
Mar 17, 2017   71.12   71.46   70.85   70.88   69.17   1551600
Mar 16, 2017   70.78   71.26   70.37   71.16   69.44   1099200
Mar 15, 2017   70.69   70.91   70.36   70.82   69.11   956000
Mar 14, 2017   70.65   70.94   70.51   70.71   68.69   691500
Mar 13, 2017   70.88   71.02   70.43   70.78   68.76   1056200
Mar 10, 2017   71.31   71.57   70.27   70.96   68.93   1085200
Mar 09, 2017   71.04   71.27   70.71   71.08   69.05   720800
Mar 08, 2017   70.99   71.33   70.66   70.73   68.71   827200
Mar 07, 2017   71.44   71.44   70.73   70.93   68.90   738700
Mar 06, 2017   70.81   71.56   70.63   71.36   69.32   877400
Mar 03, 2017   71.21   71.58   70.68   71.09   69.06   1104100
Mar 02, 2017   72.18   72.34   71.15   71.25   69.22   892900
Mar 01, 2017   72.00   72.52   71.81   72.18   70.12   1293700
Feb 28, 2017   71.18   71.33   70.69   71.11   69.08   1356000
Feb 27, 2017   71.57   71.57   70.92   71.15   69.12   767200
Feb 24, 2017   71.08   71.79   71.05   71.45   69.41   871800
Feb 23, 2017   71.43   71.73   71.17   71.45   69.41   547300
Feb 22, 2017   71.24   71.76   71.06   71.24   69.21   825800
Feb 21, 2017   71.60   71.86   71.27   71.37   69.33   973300
Feb 17, 2017   71.13   71.65   70.80   71.51   69.47   2710400
Feb 16, 2017   71.33   71.59   70.72   71.34   69.30   879400
Feb 15, 2017   71.03   71.63   70.51   71.25   69.22   877000
Feb 14, 2017   70.70   71.04   70.50   70.78   68.76   682600
Feb 13, 2017   69.79   70.86   69.44   70.70   68.68   840300
Feb 10, 2017   69.11   70.00   69.08   69.77   67.78   877600
Feb 09, 2017   69.32   69.47   68.81   69.10   67.13   557600
Feb 08, 2017   69.30   69.38   68.62   68.88   66.91   996000
Feb 07, 2017   69.98   70.14   68.93   69.36   67.38   1371200
Feb 06, 2017   70.05   70.31   69.60   69.74   67.75   869800
Feb 03, 2017   71.00   71.00   70.04   70.34   68.33   974200
Feb 02, 2017   70.67   71.21   70.03   70.67   68.65   829700
Feb 01, 2017   70.47   71.89   70.29   70.75   68.73   1340600
Jan 31, 2017   68.36   70.61   67.26   70.54   68.53   1482700
Jan 30, 2017   68.04   68.26   67.43   68.18   66.23   762800
Jan 27, 2017   68.92   68.93   68.10   68.36   66.41   727600
Jan 26, 2017   68.50   68.90   68.28   68.83   66.86   623600
Jan 25, 2017   68.09   68.45   67.70   68.34   66.39   613800
Jan 24, 2017   67.23   68.29   66.85   67.95   66.01   647000
Jan 23, 2017   67.06   67.68   66.67   67.32   65.40   629700
Jan 20, 2017   67.30   67.58   66.84   67.36   65.44   637800
Jan 19, 2017   67.06   67.34   66.49   67.06   65.14   625000
Jan 18, 2017   66.71   67.29   66.62   67.25   65.33   777600
Jan 17, 2017   67.36   67.68   66.89   66.99   65.08   908800
Jan 13, 2017   67.33   67.92   67.24   67.71   65.78   461000
Jan 12, 2017   67.44   67.55   66.10   67.40   65.48   502600
Jan 11, 2017   67.19   67.80   66.89   67.72   65.79   484100
Jan 10, 2017   67.62   67.87   67.17   67.20   65.28   833900
Jan 09, 2017   68.37   68.45   67.33   67.77   65.83   639900
Jan 06, 2017   67.62   68.81   67.52   68.46   66.50   615200
Jan 05, 2017   67.49   68.15   67.24   67.64   65.71   626300
Jan 04, 2017   66.65   67.80   66.64   67.72   65.79   612500
Jan 03, 2017   67.47   67.59   66.26   66.68   64.78   614600
Dec 30, 2016   67.30   67.44   66.97   67.12   65.20   548700
Dec 29, 2016   67.34   67.47   66.90   67.01   65.10   483700
Dec 28, 2016   67.58   67.62   67.15   67.34   65.42   853200
Dec 27, 2016   67.41   67.57   67.07   67.53   65.60   261500
Dec 23, 2016   67.13   67.38   66.93   67.17   65.25   372100
Dec 22, 2016   67.48   67.50   66.98   67.21   65.29   365900
Dec 21, 2016   68.25   68.25   67.43   67.49   65.56   387400
Dec 20, 2016   67.63   68.11   67.41   68.01   66.07   604600
Dec 19, 2016   67.92   68.56   67.37   67.70   65.77   527900
Dec 16, 2016   68.59   69.08   67.83   68.06   66.12   1274000
Dec 15, 2016   68.41   68.90   68.02   68.61   66.65   731700
Dec 14, 2016   68.95   69.25   67.94   68.26   66.31   1083200
Dec 13, 2016   69.00   69.73   68.86   69.26   66.97   1032400
Dec 12, 2016   68.23   69.07   68.16   68.79   66.52   796000
Dec 09, 2016   68.00   68.68   67.11   68.62   66.35   953200
Dec 08, 2016   67.87   68.13   67.19   67.77   65.53   747000
Dec 07, 2016   66.82   68.08   66.46   67.61   65.38   1481900
Dec 06, 2016   65.14   66.59   64.75   66.52   64.32   1559400
Dec 05, 2016   64.67   65.06   64.31   64.86   62.72   1188900
Dec 02, 2016   63.70   64.50   63.36   63.88   61.77   951800
Dec 01, 2016   63.97   64.32   63.42   63.55   61.45   1039100
Nov 30, 2016   64.95   65.06   63.95   64.09   61.97   1439800
Nov 29, 2016   64.88   65.47   64.42   64.97   62.82   1207600
Nov 28, 2016   65.54   65.54   64.47   64.58   62.45   837000
Nov 25, 2016   65.11   65.69   65.11   65.69   63.52   217900
Nov 23, 2016   65.57   65.62   64.79   65.34   63.18   499000
Nov 22, 2016   66.15   66.21   65.31   65.58   63.41   620000
Nov 21, 2016   66.11   66.26   65.65   65.97   63.79   805100
Nov 18, 2016   64.93   65.94   64.71   65.85   63.67   957800
Nov 17, 2016   64.69   65.14   64.57   64.86   62.72   554600
Nov 16, 2016   64.42   64.95   64.15   64.71   62.57   1256600
Nov 15, 2016   64.82   64.91   63.60   64.48   62.35   1164900
Nov 14, 2016   66.62   66.66   64.57   64.73   62.59   1413300
Nov 11, 2016   66.98   67.32   65.87   66.44   64.24   889400
Nov 10, 2016   67.49   68.29   66.89   67.10   64.88   1211200
Nov 09, 2016   65.21   67.14   64.69   66.93   64.72   1034000
Nov 08, 2016   65.44   65.57   64.19   65.38   63.22   666500
Nov 07, 2016   65.33   65.57   65.04   65.46   63.30   684500
Nov 04, 2016   64.34   65.42   64.03   64.68   62.54   1268500
Nov 03, 2016   63.80   64.55   63.80   64.16   62.04   861700
Nov 02, 2016   63.65   64.05   63.53   63.76   61.65   699300
Nov 01, 2016   63.80   64.20   63.30   63.52   61.42   971600
Oct 31, 2016   64.13   64.27   63.83   63.97   61.86   677200
Oct 28, 2016   64.04   64.59   63.72   64.09   61.97   493900
Oct 27, 2016   64.55   64.55   63.32   63.95   61.84   1153100
Oct 26, 2016   65.22   66.61   64.28   64.69   62.55   1275300
Oct 25, 2016   66.40   66.81   66.06   66.36   64.17   1008900
Oct 24, 2016   66.26   66.77   66.20   66.30   64.11   499000
Oct 21, 2016   65.41   66.31   65.22   66.18   63.99   620300
Oct 20, 2016   66.53   66.58   65.63   65.73   63.56   557100
Oct 19, 2016   66.16   66.47   65.85   66.40   64.21   569600
Oct 18, 2016   66.79   67.18   66.11   66.21   64.02   394200
Oct 17, 2016   67.46   67.77   66.25   66.38   64.19   547700
Oct 14, 2016   67.41   67.42   66.96   67.24   65.02   603900
Oct 13, 2016   66.14   67.01   65.97   66.84   64.63   1269200
Oct 12, 2016   65.74   66.65   65.71   66.46   64.26   828700
Oct 11, 2016   66.16   66.86   65.54   65.94   63.76   949600
Oct 10, 2016   67.13   67.44   66.32   66.42   64.23   932600
Oct 07, 2016   67.47   67.47   66.47   67.03   64.81   488600
Oct 06, 2016   66.88   67.40   66.51   67.35   65.12   605900
Oct 05, 2016   66.80   67.13   66.61   66.87   64.66   822300
Oct 04, 2016   67.21   67.47   66.59   66.79   64.58   681700
Oct 03, 2016   67.28   67.69   66.77   67.05   64.83   995200
Sep 30, 2016   67.80   68.08   67.36   67.54   65.31   905300
Sep 29, 2016   68.31   68.68   67.00   67.48   65.25   889600
Sep 28, 2016   68.56   68.56   68.05   68.21   65.96   622100
Sep 27, 2016   68.74   69.00   68.52   68.55   66.28   806700
Sep 26, 2016   69.18   70.00   68.79   68.84   66.57   687800
Sep 23, 2016   69.79   70.56   68.93   69.46   67.16   1030200
Sep 22, 2016   71.00   71.01   70.38   70.44   68.11   501300
Sep 21, 2016   69.93   70.72   69.53   70.67   68.33   473200
Sep 20, 2016   70.10   70.45   69.36   69.62   67.32   706400
Sep 19, 2016   69.68   70.22   69.60   69.80   67.49   808000
Sep 16, 2016   69.11   69.62   68.65   69.47   67.17   959300
Sep 15, 2016   68.68   69.64   68.68   69.52   67.22   603900
Sep 14, 2016   68.83   69.25   68.62   68.69   66.42   768000
Sep 13, 2016   69.05   69.50   68.57   69.06   66.47   650100
Sep 12, 2016   68.71   69.71   68.22   69.48   66.87   956300
Sep 09, 2016   69.78   70.02   68.97   68.98   66.39   884700
Sep 08, 2016   70.75   70.98   70.20   70.21   67.58   565900
Sep 07, 2016   70.65   70.95   70.05   70.90   68.24   527800
Sep 06, 2016   71.83   71.87   71.11   71.50   68.82   430600
Sep 02, 2016   71.88   71.92   71.27   71.67   68.98   460900
Sep 01, 2016   71.23   71.74   71.08   71.64   68.95   575200
Aug 31, 2016   71.11   71.47   71.05   71.21   68.54   578000
Aug 30, 2016   71.05   71.34   70.38   71.34   68.66   508100
Aug 29, 2016   70.59   71.64   70.50   71.10   68.43   517600
Aug 26, 2016   70.83   70.98   70.05   70.49   67.84   359600
Aug 25, 2016   70.24   70.82   70.00   70.62   67.97   747500
Aug 24, 2016   70.40   70.46   70.05   70.28   67.64   676300
Aug 23, 2016   70.67   70.76   70.27   70.56   67.91   480700
Aug 22, 2016   70.15   70.61   70.12   70.48   67.84   535300
Aug 19, 2016   70.12   70.44   69.87   70.44   67.80   697500
Aug 18, 2016   70.31   70.77   70.22   70.32   67.68   550200
Aug 17, 2016   69.45   70.30   69.23   70.21   67.58   843200
Aug 16, 2016   69.90   70.01   69.26   69.28   66.68   396500
Aug 15, 2016   70.03   70.24   69.85   70.09   67.46   636900
Aug 12, 2016   69.88   70.25   69.64   70.15   67.52   947100
Aug 11, 2016   70.67   70.99   69.63   70.03   67.40   1152300
Aug 10, 2016   70.06   70.54   69.96   70.32   67.68   989000
Aug 09, 2016   70.67   70.96   70.11   70.23   67.59   937400
Aug 08, 2016   71.36   71.38   70.45   70.50   67.85   1122900
Aug 05, 2016   71.58   71.69   71.12   71.18   68.51   816200
Aug 04, 2016   71.51   71.88   71.15   71.43   68.75   1027800
Aug 03, 2016   71.32   71.75   70.82   71.53   68.85   995400
Aug 02, 2016   71.41   71.41   70.75   71.20   68.53   570400
Aug 01, 2016   71.00   71.43   70.65   71.42   68.74   851200
Jul 29, 2016   70.65   71.42   70.56   70.76   68.10   808500
Jul 28, 2016   70.82   71.47   70.42   70.87   68.21   878900
Jul 27, 2016   68.50   70.96   68.47   70.84   68.18   1420800
Jul 26, 2016   68.47   68.94   68.09   68.50   65.93   1247800
Jul 25, 2016   67.80   68.44   67.44   68.44   65.87   640800
Jul 22, 2016   67.32   67.93   67.22   67.79   65.25   534500
Jul 21, 2016   67.54   67.61   67.03   67.37   64.84   396400
Jul 20, 2016   68.16   68.21   67.64   67.74   65.20   402400
Jul 19, 2016   67.18   68.08   67.18   68.07   65.52   517700
Jul 18, 2016   68.66   68.66   67.44   67.60   65.06   627400
Jul 15, 2016   67.60   67.60   67.12   67.51   64.98   910200
Jul 14, 2016   67.64   67.85   66.94   67.37   64.84   836700
Jul 13, 2016   67.64   67.71   66.79   67.17   64.65   567900
Jul 12, 2016   66.70   67.37   66.59   67.31   64.78   655700
Jul 11, 2016   66.23   66.53   66.00   66.43   63.94   477700
Jul 08, 2016   65.42   66.10   65.23   65.88   63.41   830100
Jul 07, 2016   64.85   65.20   64.54   64.92   62.48   712300
Jul 06, 2016   64.64   64.91   64.34   64.74   62.31   733400
Jul 05, 2016   63.72   64.75   63.19   64.59   62.17   805100
Jul 01, 2016   64.71   65.18   64.51   64.77   62.34   656700
Jun 30, 2016   64.42   64.86   64.01   64.67   62.24   1398800
Jun 29, 2016   63.19   64.09   63.08   64.09   61.68   828500
Jun 28, 2016   61.75   62.66   61.43   62.60   60.25   989500
Jun 27, 2016   62.36   62.46   61.19   61.43   59.12   1023100
Jun 24, 2016   62.16   64.29   61.78   63.00   60.64   2018600
Jun 23, 2016   63.31   64.42   63.26   64.41   61.99   710800
Jun 22, 2016   63.09   63.25   62.89   63.09   60.72   759000
Jun 21, 2016   62.96   63.35   62.92   62.97   60.61   986100
Jun 20, 2016   64.61   64.88   63.05   63.09   60.72   915800
Jun 17, 2016   64.59   64.85   63.82   63.88   61.48   1300100
Jun 16, 2016   64.28   64.91   64.22   64.89   62.45   660100
Jun 15, 2016   64.87   65.45   64.66   64.80   62.37   713200
Jun 14, 2016   64.85   65.38   64.68   64.89   62.45   928700
Jun 13, 2016   65.28   65.97   65.09   65.11   62.67   709700
Jun 10, 2016   65.09   65.95   65.02   65.58   63.12   748200
Jun 09, 2016   65.16   65.74   64.88   65.66   63.20   783800
Jun 08, 2016   64.86   65.29   64.57   65.22   62.77   519500
Jun 07, 2016   65.11   65.50   64.86   64.89   62.15   919700
Jun 06, 2016   65.01   65.46   64.79   65.13   62.38   509200
Jun 03, 2016   64.90   65.28   64.21   65.07   62.32   594100
Jun 02, 2016   65.28   65.50   64.85   65.15   62.40   424300
Jun 01, 2016   65.50   65.80   65.38   65.60   62.83   717600
May 31, 2016   65.75   66.03   65.36   66.01   63.22   1240900
May 27, 2016   65.34   65.69   65.22   65.67   62.89   424900
May 26, 2016   65.38   65.45   64.66   65.02   62.27   587100
May 25, 2016   65.68   65.92   65.09   65.50   62.73   821500
May 24, 2016   64.00   65.70   63.84   65.62   62.85   987900
May 23, 2016   63.50   63.79   63.07   63.57   60.88   624200
May 20, 2016   63.41   64.00   63.08   63.62   60.93   565300
May 19, 2016   62.84   63.45   62.67   63.04   60.38   634400
May 18, 2016   62.30   63.19   61.59   63.05   60.38   1280100
May 17, 2016   63.73   63.90   62.31   62.53   59.89   645700
May 16, 2016   63.52   63.98   63.31   63.73   61.04   517700
May 13, 2016   64.09   64.46   63.45   63.68   60.99   556700
May 12, 2016   63.76   64.35   63.69   64.18   61.47   720400
May 11, 2016   64.43   64.66   63.44   63.62   60.93   960800
May 10, 2016   64.33   64.64   64.05   64.59   61.86   1140900
May 09, 2016   64.03   64.56   64.03   64.50   61.77   689300
May 06, 2016   63.17   64.26   62.94   64.03   61.32   1031100
May 05, 2016   62.69   63.40   62.69   63.20   60.53   846700
May 04, 2016   61.95   62.97   61.95   62.58   59.93   836100
May 03, 2016   62.09   62.48   61.62   62.27   59.64   462300
May 02, 2016   61.74   63.18   61.57   63.01   60.35   748300
Apr 29, 2016   62.58   62.58   61.25   61.71   59.10   1119000
Apr 28, 2016   63.59   64.39   62.67   62.86   60.20   865800
Apr 27, 2016   65.09   65.25   63.59   64.13   61.42   1163600
Apr 26, 2016   64.21   64.72   63.91   64.41   61.69   1249700
Apr 25, 2016   63.75   64.20   63.53   64.17   61.46   649900
Apr 22, 2016   63.70   64.43   63.55   63.99   61.28   675600
Apr 21, 2016   63.98   64.34   63.54   63.81   61.11   625200
Apr 20, 2016   64.13   64.35   63.76   64.13   61.42   735500
Apr 19, 2016   64.30   64.53   63.60   64.17   61.46   856600
Apr 18, 2016   64.03   64.55   63.90   64.14   61.43   723500
Apr 15, 2016   63.82   64.52   63.50   64.44   61.72   1272500
Apr 14, 2016   63.37   64.33   63.37   63.67   60.98   677600
Apr 13, 2016   63.44   64.17   63.21   63.95   61.25   1265600
Apr 12, 2016   63.65   64.05   61.76   63.15   60.48   1978400
Apr 11, 2016   64.17   64.70   63.73   64.28   61.56   1037600
Apr 08, 2016   64.40   64.40   63.48   63.65   60.96   722000
Apr 07, 2016   64.68   65.63   63.78   64.26   61.54   938200
Apr 06, 2016   64.81   65.03   63.93   64.95   62.20   1245200
Apr 05, 2016   65.15   65.62   64.90   64.98   62.23   1091700
Apr 04, 2016   66.39   66.39   64.87   65.55   62.78   1318300
Apr 01, 2016   66.12   66.66   65.60   66.09   63.30   1447500
Mar 31, 2016   65.39   66.55   65.17   66.38   63.57   1800300
Mar 30, 2016   66.03   66.69   64.84   65.17   62.42   1350400
Mar 29, 2016   64.67   65.58   64.67   65.57   62.80   1155800
Mar 28, 2016   64.34   65.00   64.07   64.68   61.95   792100
Mar 24, 2016   65.35   65.65   63.80   64.02   61.31   1560600
Mar 23, 2016   64.61   66.36   64.52   65.64   62.87   1584000
Mar 22, 2016   64.10   65.46   63.75   65.42   62.65   1504000
Mar 21, 2016   64.25   64.50   63.68   64.27   61.55   3101300
Mar 18, 2016   65.87   66.59   63.89   64.51   61.78   4397200
Mar 17, 2016   66.64   67.01   65.77   65.85   63.07   1891800
Mar 16, 2016   66.50   66.95   66.17   66.61   63.79   1207100
Mar 15, 2016   66.57   67.61   66.50   67.04   64.21   1237800
Mar 14, 2016   65.71   67.28   65.57   66.83   64.00   850100
Mar 11, 2016   65.48   66.40   64.54   65.98   63.19   1109400
Mar 10, 2016   64.80   65.08   63.11   64.97   62.22   2353500
Mar 09, 2016   65.41   65.95   64.87   65.37   62.37   749200
Mar 08, 2016   63.86   65.24   63.80   64.87   61.89   953800
Mar 07, 2016   64.77   64.90   63.96   64.24   61.29   760800
Mar 04, 2016   65.25   65.49   64.08   64.94   61.96   1176900
Mar 03, 2016   64.56   65.24   63.86   65.20   62.20   880700
Mar 02, 2016   64.99   64.99   63.58   64.49   61.53   1778800
Mar 01, 2016   63.82   64.42   63.17   64.27   61.32   1157300
Feb 29, 2016   63.96   64.39   62.79   63.29   60.38   1373700
Feb 26, 2016   64.73   65.10   63.81   63.85   60.92   790800
Feb 25, 2016   63.88   64.53   63.36   64.51   61.55   1190300
Feb 24, 2016   62.25   63.82   62.25   63.66   60.74   1011300
Feb 23, 2016   64.47   64.95   63.08   63.14   60.24   1343800
Feb 22, 2016   64.17   64.34   63.24   63.55   60.63   1145700
Feb 19, 2016   62.53   63.16   62.23   62.93   60.04   899600
Feb 18, 2016   63.19   63.53   62.69   62.88   59.99   1001700
Feb 17, 2016   61.89   63.21   61.83   62.96   60.07   986000
Feb 16, 2016   62.55   62.61   60.94   61.66   58.83   883400
Feb 12, 2016   61.46   61.54   60.08   61.31   58.49   783000
Feb 11, 2016   59.33   60.47   58.93   59.97   57.22   1044800
Feb 10, 2016   61.93   62.58   60.58   60.88   58.08   993500
Feb 09, 2016   59.97   62.21   59.95   61.49   58.67   1273900
Feb 08, 2016   58.65   60.58   57.85   60.21   57.44   2041000
Feb 05, 2016   60.28   60.65   58.53   59.40   56.67   1970600
Feb 04, 2016   61.73   62.21   58.69   59.85   57.10   2506700
Feb 03, 2016   62.54   62.77   60.40   61.60   58.77   2097400
Feb 02, 2016   61.00   62.53   60.75   62.32   59.46   2176300
Feb 01, 2016   61.96   62.11   60.39   61.74   58.90   2113800
Jan 29, 2016   59.45   62.36   58.71   62.00   59.15   2291800
Jan 28, 2016   57.98   59.85   56.25   58.89   56.18   1903700
Jan 27, 2016   58.74   59.96   57.97   58.30   55.62   1714800
Jan 26, 2016   57.09   58.62   56.76   58.53   55.84   1379500
Jan 25, 2016   57.54   57.99   56.56   56.60   54.00   1075400
Jan 22, 2016   56.66   57.93   55.46   57.73   55.08   999400
Jan 21, 2016   56.35   57.29   55.74   55.78   53.22   1150100
Jan 20, 2016   56.49   56.97   55.27   56.30   53.71   1245800
Jan 19, 2016   57.21   58.14   57.08   57.47   54.83   1287400
Jan 15, 2016   55.83   57.50   55.83   56.49   53.90   1438900
Jan 14, 2016   56.09   57.99   55.79   57.49   54.85   1546300
Jan 13, 2016   57.77   57.91   55.46   55.73   53.17   1448900
Jan 12, 2016   57.89   57.96   57.28   57.58   54.93   1278600
Jan 11, 2016   56.53   57.59   56.12   57.28   54.65   1509200
Jan 08, 2016   57.47   57.51   55.72   55.81   53.25   1372900
Jan 07, 2016   56.37   57.88   56.32   57.10   54.48   2842200
Jan 06, 2016   56.69   57.74   56.42   57.23   54.60   747900
Jan 05, 2016   56.59   57.53   56.52   57.40   54.76   1257400
Jan 04, 2016   56.90   57.15   56.01   56.54   53.94   1299400
Dec 31, 2015   58.77   59.06   58.17   58.17   55.50   807900
Dec 30, 2015   59.29   59.95   58.76   59.02   56.31   743300
Dec 29, 2015   59.54   60.11   59.18   59.38   56.65   1009400
Dec 28, 2015   58.03   59.20   57.80   59.11   56.39   1278400
Dec 24, 2015   58.05   58.17   57.74   57.99   55.33   368000
Dec 23, 2015   58.34   58.46   57.83   57.98   55.32   934600
Dec 22, 2015   56.85   58.13   56.26   58.01   55.35   1451000
Dec 21, 2015   56.49   57.27   55.99   56.47   53.88   909700
Dec 18, 2015   56.05   56.16   55.61   55.93   53.36   2284000
Dec 17, 2015   56.81   57.39   55.84   56.08   53.50   866300
Dec 16, 2015   57.10   57.29   56.19   56.89   54.28   1254500
Dec 15, 2015   56.56   57.21   56.54   56.77   54.16   1180400
Dec 14, 2015   54.81   56.12   54.80   56.08   53.50   1631600
Dec 11, 2015   55.11   55.67   54.62   54.86   52.34   1618300
Dec 10, 2015   56.26   56.56   55.74   55.96   53.39   1140400
Dec 09, 2015   58.07   58.13   56.23   56.46   53.63   1068400
Dec 08, 2015   57.04   58.10   56.76   57.92   55.01   1453800
Dec 07, 2015   58.70   58.94   57.31   58.28   55.36   865400
Dec 04, 2015   56.98   59.09   56.96   58.94   55.98   948400
Dec 03, 2015   58.71   58.71   56.29   56.98   54.12   1367200
Dec 02, 2015   58.93   59.03   58.34   58.51   55.58   846300
Dec 01, 2015   58.89   59.19   58.30   58.72   55.77   891800
Nov 30, 2015   58.94   58.99   58.22   58.62   55.68   986800
Nov 27, 2015   58.62   58.91   58.21   58.87   55.92   239000
Nov 25, 2015   58.49   58.78   58.33   58.45   55.52   505500
Nov 24, 2015   58.62   58.81   58.02   58.49   55.56   1233100
Nov 23, 2015   59.79   60.00   59.14   59.23   56.26   1186700
Nov 20, 2015   59.36   60.05   59.30   59.97   56.96   2787800
Nov 19, 2015   58.28   59.48   58.28   59.36   56.38   1225700
Nov 18, 2015   57.59   58.73   57.46   58.69   55.75   1402200
Nov 17, 2015   57.12   57.94   57.01   57.56   54.67   1402100
Nov 16, 2015   56.41   57.28   56.19   57.24   54.37   1213700
Nov 13, 2015   57.34   58.12   56.27   56.59   53.75   1612500
Nov 12, 2015   57.97   58.32   57.70   57.71   54.82   955600
Nov 11, 2015   58.49   59.13   57.82   58.49   55.56   775900
Nov 10, 2015   57.47   58.61   57.24   58.57   55.63   1313100
Nov 09, 2015   58.11   58.19   57.46   57.68   54.79   965200
Nov 06, 2015   58.69   59.35   57.93   58.24   55.32   1178400
Nov 05, 2015   58.15   58.93   58.07   58.62   55.68   772200
Nov 04, 2015   59.25   59.50   58.01   58.16   55.24   1358600
Nov 03, 2015   59.78   59.98   59.16   59.30   56.33   788100
Nov 02, 2015   58.25   59.68   58.03   59.67   56.68   1620100
Oct 30, 2015   59.25   59.40   57.70   57.89   54.99   1068400
Oct 29, 2015   59.02   59.35   58.76   59.22   56.25   981000
Oct 28, 2015   58.97   59.40   58.84   59.28   56.31   1085800
Oct 27, 2015   58.16   59.00   57.73   58.95   55.99   1398400
Oct 26, 2015   58.93   59.41   57.97   58.40   55.47   1277000
Oct 23, 2015   59.12   59.90   57.85   58.72   55.77   1807600
Oct 22, 2015   55.33   59.37   55.33   59.10   56.14   1644600
Oct 21, 2015   56.05   56.18   55.24   55.26   52.49   1048500
Oct 20, 2015   55.39   56.02   55.35   55.83   53.03   606700
Oct 19, 2015   54.77   55.46   54.75   55.44   52.66   760400
Oct 16, 2015   55.00   55.19   54.54   54.97   52.21   894200
Oct 15, 2015   53.82   54.94   53.70   54.91   52.16   912000
Oct 14, 2015   53.76   54.20   53.22   53.67   50.98   726000
Oct 13, 2015   53.81   54.36   53.22   53.61   50.92   1157700
Oct 12, 2015   53.18   54.28   52.84   54.13   51.41   663400
Oct 09, 2015   53.82   53.99   52.87   53.09   50.43   536400
Oct 08, 2015   53.16   53.88   52.75   53.78   51.08   756500
Oct 07, 2015   53.75   53.99   52.83   53.26   50.59   883100
Oct 06, 2015   53.59   53.61   52.92   53.38   50.70   805100
Oct 05, 2015   53.11   53.70   52.86   53.65   50.96   651300
Oct 02, 2015   51.67   52.64   50.98   52.63   49.99   826500
Oct 01, 2015   53.46   53.57   51.98   52.62   49.98   1266600
Sep 30, 2015   52.43   53.44   52.13   53.33   50.65   1308800
Sep 29, 2015   52.03   52.23   51.42   51.81   49.21   1318400
Sep 28, 2015   53.30   53.42   52.00   52.02   49.41   1028700
Sep 25, 2015   52.45   54.00   51.96   53.48   50.80   1070500
Sep 24, 2015   51.61   52.22   51.42   51.94   49.33   1512000
Sep 23, 2015   51.00   52.10   50.98   51.98   49.37   990500
Sep 22, 2015   50.49   51.05   50.44   51.04   48.48   1046400
Sep 21, 2015   50.86   51.21   50.65   51.17   48.60   1057800
Sep 18, 2015   50.15   50.65   49.89   50.47   47.94   1875200
Sep 17, 2015   51.84   52.18   50.84   50.95   48.39   1285100
Sep 16, 2015   51.49   51.91   51.25   51.84   49.24   1034900
Sep 15, 2015   51.72   52.00   51.44   51.73   49.14   933100
Sep 14, 2015   51.76   51.82   51.25   51.37   48.79   886800
Sep 11, 2015   51.18   51.76   50.91   51.75   49.15   551500
Sep 10, 2015   50.89   51.55   50.54   51.33   48.76   719700
Sep 09, 2015   52.41   52.48   50.81   50.95   48.39   999400
Sep 08, 2015   51.06   51.98   50.96   51.96   49.12   821400
Sep 04, 2015   50.69   50.86   50.04   50.30   47.55   769400
Sep 03, 2015   50.99   51.75   50.87   51.15   48.35   766800
Sep 02, 2015   50.63   50.84   50.08   50.78   48.00   954800
Sep 01, 2015   50.09   50.64   49.82   50.02   47.28   1604500
Aug 31, 2015   51.13   51.55   51.01   51.19   48.39   1383900
Aug 28, 2015   51.11   51.54   51.01   51.49   48.67   1276000
Aug 27, 2015   50.24   51.31   50.24   51.30   48.49   1794600
Aug 26, 2015   50.13   50.49   48.20   49.69   46.97   5780000
Aug 25, 2015   50.88   51.11   48.84   48.84   46.17   3335600
Aug 24, 2015   49.08   51.47   47.95   49.64   46.92   2449800
Aug 21, 2015   52.65   53.05   51.37   51.55   48.73   4102000
Aug 20, 2015   53.46   53.72   53.06   53.06   50.16   1251300
Aug 19, 2015   54.06   54.26   53.58   54.03   51.07   1413500
Aug 18, 2015   54.28   54.68   54.06   54.31   51.34   875600
Aug 17, 2015   54.05   54.40   53.55   54.17   51.21   942500
Aug 14, 2015   53.63   54.35   53.45   54.26   51.29   827200
Aug 13, 2015   53.08   53.98   52.94   53.63   50.69   813600
Aug 12, 2015   52.76   53.16   52.01   53.04   50.14   821700
Aug 11, 2015   53.32   53.51   52.94   53.31   50.39   815200
Aug 10, 2015   53.34   53.95   53.09   53.55   50.62   892500
Aug 07, 2015   52.53   53.00   52.46   52.93   50.03   1011300
Aug 06, 2015   52.72   53.50   52.35   52.78   49.89   1508700
Aug 05, 2015   51.58   52.55   51.45   52.47   49.60   1328700
Aug 04, 2015   51.10   51.60   50.93   51.38   48.57   2275100
Aug 03, 2015   50.69   51.03   50.69   50.99   48.20   923300
Jul 31, 2015   51.58   51.63   50.79   51.03   48.24   1054500
Jul 30, 2015   50.89   51.19   50.73   50.99   48.20   1112800
Jul 29, 2015   50.58   51.23   48.77   50.99   48.20   762200
Jul 28, 2015   51.31   51.67   50.46   50.64   47.87   1387500
Jul 27, 2015   51.76   51.90   51.08   51.17   48.37   940800
Jul 24, 2015   51.65   52.42   51.62   51.89   49.05   663800
Jul 23, 2015   50.89   52.22   50.86   51.53   48.71   731700
